1, 1, sts3://site1/siteid={1}, 0.302696830858292, 3, 3, 5, 3
2, 2, http://2/asdf/, 0.128421201735793, 1, 1, 1, 2
3, 3, sts3://site1/siteid={3}, 0.128421201735793, 1, 1, 1, 3
4, 4, sts4://site1/siteid={4}, 0.19321049325461, 2, 2, 4, 3
5, sts25, sts2://5/hhhjjj/kkklll/, 0.0974004992511477, 1, 2, 1, 2
6, 6, sts4://site1/siteid={6}, 0.037364075332184, 0, 0, 0, 0
7, 7, sts3://site1/siteid={7}, 0.11248569783218, 1, 0, 1, 0
8, 1, sts3://site1/siteid={1}, 0.302696830858292, 3, 3, 5, 3
9, 3, sts3://site1/siteid={3}, 0.128421201735793, 1, 1, 1, 3
10, 4, sts3://site1/siteid={4}, 0.19321049325461, 2, 2, 4, 3
11, 1, sts3://site1/siteid={1}, 0.302696830858292, 3, 3, 5, 3
12, 1, sts3://site1/siteid={1}, 0.302696830858292, 3, 3, 5, 3
13, 3, sts3://site1/siteid={3}, 0.128421201735793, 1, 1, 1, 3
14, 4, sts3://site1/siteid={4}, 0.19321049325461, 2, 2, 4, 3
15, sts25, sts2://5/hhhjjj/kkklll/, 0.0974004992511477, 1, 2, 1, 2
