1, 1, sts3://site1/siteid={1}, 0.284671532846712, 3, 3, 5, 3
2, 2, http://2/asdf/, 0.122471324296146, 1, 1, 1, 2
3, 3, sts3://site1/siteid={3}, 0.122471324296146, 1, 1, 1, 3
4, 4, sts4://site1/siteid={4}, 0.199769351917334, 2, 2, 4, 3
5, sts25, sts2://5/hhhjjj/kkklll/, 0.126716570918946, 1, 2, 1, 2
6, 6, sts4://site1/siteid={6}, 0.0366257430565029, 0, 0, 0, 0
7, 7, sts3://site1/siteid={7}, 0.107274152668214, 1, 0, 1, 0
8, 1, sts3://site1/siteid={1}, 0.284671532846712, 3, 3, 5, 3
9, 3, sts3://site1/siteid={3}, 0.122471324296146, 1, 1, 1, 3
10, 4, sts3://site1/siteid={4}, 0.199769351917334, 2, 2, 4, 3
11, 1, sts3://site1/siteid={1}, 0.284671532846712, 3, 3, 5, 3
12, 1, sts3://site1/siteid={1}, 0.284671532846712, 3, 3, 5, 3
13, 3, sts3://site1/siteid={3}, 0.122471324296146, 1, 1, 1, 3
14, 4, sts3://site1/siteid={4}, 0.199769351917334, 2, 2, 4, 3
15, sts25, sts2://5/hhhjjj/kkklll/, 0.126716570918946, 1, 2, 1, 2
