1, 1, sts3://site1/siteid={1}, 0.182093238416176, 4, 6, 4, 6
2, 2, http://2/asdf/, 0.119698720912007, 3, 2, 3, 2
3, 3, sts3://site1/siteid={3}, 0.120526939510825, 3, 3, 3, 3
4, 4, sts4://site1/siteid={4}, 0.0939171539922491, 2, 3, 2, 3
5, sts25, sts2://5/hhhjjj/kkklll/, 0.164599393733498, 4, 4, 4, 4
6, 6, sts4://site1/siteid={6}, 0.0681206692557841, 1, 2, 1, 2
7, 7, sts3://site1/siteid={7}, 0.0589396410637757, 1, 1, 1, 1
8, 8, sts3://site1/siteid={8}, 0.0538534623122024, 1, 0, 1, 0
9, 9, sts3://site1/siteid={9}, 0.0767653044827251, 1, 0, 1, 0
10, 10, sts3://site1/siteid={10}, 0.0614854763207569, 1, 0, 1, 0
